.Random.seed <-
c(10403L, 10L, -1778497081L, -943498578L, 340128520L, 1712910603L, 
-1164136471L, -2089494344L, -1344622746L, 536230913L, -585143661L, 
-2099151550L, 474698484L, -1563746569L, 1328856813L, 766372228L, 
191162282L, -272884459L, 1252071343L, 1663637430L, -1347326496L, 
-803584733L, -969426367L, 2104743216L, -523006130L, 434361785L, 
-681367605L, 902380666L, 1716247932L, -639076929L, 1439380117L, 
418803884L, -1586234750L, -1500548515L, -1505852073L, -1631852482L, 
-1376285576L, 31602523L, -1166634311L, 925609736L, 1702667702L, 
1771494129L, -859321053L, -10983566L, 795764164L, -854123129L, 
1652100957L, -559218348L, -2057653382L, 1493525189L, -21838817L, 
163460006L, 1903559984L, 444901331L, 659342833L, 1076466464L, 
-1187717698L, -1475914295L, -1652643461L, 1411428170L, 2080722860L, 
-1926539601L, 945488997L, 904307740L, 566413938L, 1409543405L, 
578855L, -603020978L, 619631016L, -15743573L, -1310867767L, 1061471960L, 
1266731910L, 695811681L, 519735283L, -1140303262L, -1896661804L, 
-883401257L, 1038964685L, -656931996L, -291174582L, 1238204085L, 
-1202588145L, 1716717334L, -1229880896L, -1243127421L, -1066862687L, 
763000720L, 1117441134L, -260679143L, 1759298219L, -402844006L, 
109789788L, -866189473L, -1520594635L, 1070706892L, 469113378L, 
557208701L, -640029321L, -428850530L, 313102680L, -835352389L, 
-1000204711L, 695485928L, 1918779414L, 362490769L, -733178813L, 
-1038341294L, 1964994532L, -1737380313L, 1663837821L, 1837627252L, 
1554279258L, -287162971L, 167573951L, 2118824518L, 1529389264L, 
-1286866189L, 787840017L, 2132249152L, -1361850850L, 530581737L, 
-1707324901L, 259258922L, -1640370868L, 880062223L, 1749316165L, 
923653116L, 1099237970L, -539396147L, -97754745L, 1958524014L, 
959441992L, -1002465717L, 1943382953L, 343548664L, 26723878L, 
2058592065L, -155048749L, -77485950L, 961627828L, -1448156617L, 
-497489619L, 839092804L, -1853114518L, 145138645L, -716786321L, 
390131830L, -531735648L, -275399581L, 739166465L, -2079374224L, 
323280910L, -1202601863L, -572456949L, 274436410L, -780529604L, 
-1658775681L, -2069353259L, 1739526380L, -68777406L, 933252509L, 
-1601341417L, 232324478L, -1211129032L, -1536312293L, 1287456121L, 
-1045777464L, -97402890L, 1828946481L, 200979555L, -1865548750L, 
-2110596732L, 2009472967L, -112864611L, -1637740012L, 1130766522L, 
-1295201019L, 2063120095L, 1942207334L, -211281168L, 654715411L, 
-1095187535L, -1703678368L, -1250288642L, -438361207L, 1280689339L, 
-1040375670L, -392125588L, -1577981713L, -1827937499L, -511398436L, 
1672166322L, -974150995L, 653138535L, -318297714L, -346718616L, 
1701743211L, -1773738999L, -1635140968L, 1642757574L, 459037985L, 
983649715L, 202230050L, -457383148L, -977831017L, -1906973811L, 
-806052188L, -161378166L, -990325003L, -129930929L, -751483306L, 
-524911360L, 2147190851L, -356635679L, -1922190512L, 853747118L, 
340798297L, -280968853L, 200468698L, -1513668196L, 1709010335L, 
1216593909L, 765718156L, 1877625698L, -718511299L, 1813320631L, 
496064606L, -10775144L, -1805685102L, 984300128L, 1215099532L, 
-595743904L, -1539820830L, 1487550632L, -682487604L, -1340501508L, 
-1917780046L, 128439792L, 1719651780L, 1554728792L, 1132108666L, 
-860447312L, 648331708L, 2086088788L, 1850069954L, -1749650656L, 
-1558751300L, 1165857360L, -2095972894L, -1130970776L, -855855796L, 
-1466879748L, -1567964430L, -1628897536L, 536698484L, 1043763208L, 
1554645434L, -1537171504L, -1423795732L, 924907412L, -963599662L, 
1833909856L, -836524724L, -119921376L, -609252734L, -1754433048L, 
1615085548L, -1743108548L, -1730054542L, 1938344816L, 2064496932L, 
386961976L, 1521953178L, 477600208L, -233388612L, -1593509740L, 
-1464068990L, -341539392L, 267799356L, -582153072L, 770329378L, 
-766167544L, -1640073972L, 130270620L, -1025950190L, -26899584L, 
633299732L, 1865466152L, 1458930746L, -1840346160L, 201599596L, 
-1395940812L, 1383131794L, 1614423392L, 808909132L, 1914120160L, 
-972712542L, -67746392L, 2112489100L, -58180164L, 469204594L, 
1583199216L, -295317948L, 663838808L, 1352067130L, 1965027440L, 
-1164765124L, -1633427180L, -538311998L, -286931232L, -455559044L, 
587339472L, -1669359198L, -382797784L, 870599436L, 2146077116L, 
1770496818L, 1699695296L, 431811636L, 1418706632L, -1689062214L, 
-959277424L, 228175596L, -531703212L, -573406574L, 2126825760L, 
2089325004L, 154518240L, -1206927166L, -1106686936L, 898963372L, 
-1517278532L, -1380066318L, 770528816L, 1982238628L, 612552120L, 
613341018L, -1603383152L, 1628261244L, 1625039124L, 313666L, 
-528805632L, 426007996L, 397549904L, 649173282L, -1575151032L, 
-588943348L, -1121474980L, -1901262382L, -1963575808L, -1750932140L, 
-1243960088L, 1334546682L, -54647088L, 1240656684L, 958476532L, 
-1839212142L, -794002080L, 1572166668L, 102874336L, 1119072866L, 
-626105176L, 177339468L, -1125841028L, -107046606L, 1654678128L, 
1877599044L, 144458712L, -388541574L, -1863411664L, -749023300L, 
-1944538540L, -1484181438L, -246042976L, -1638284612L, 1918176208L, 
804535650L, 1069960936L, 1989913804L, 371270140L, -2060173838L, 
-1112382336L, -1624626700L, 1188874888L, -2037130438L, -1288958640L, 
-437392276L, -1479027308L, -1741660078L, -1254310432L, -1795255092L, 
458243744L, 842133890L, 1827268840L, -571028756L, -993123012L, 
1814491250L, 1462571632L, -1454532060L, -1607014344L, -1496594150L, 
282215632L, 1270679868L, 1239839636L, 1689601922L, -1044247616L, 
-656599492L, -1067253360L, -725788638L, 1233933576L, -362927988L, 
1188851484L, 535205010L, 690476416L, -1335631852L, 985351976L, 
-1701558726L, 232051152L, 1694333292L, 1488044980L, 354257426L, 
2094663648L, -511317556L, -469305120L, -404190174L, 1268749096L, 
978418188L, -1180658884L, 291155954L, -260635920L, -481994172L, 
369999448L, -1681918150L, 1389023216L, -57433412L, 1598330132L, 
-1237443390L, 1084996704L, -945347204L, -1540546608L, -1852903134L, 
1872434856L, 1951553420L, -597785412L, -541902L, -1132059072L, 
-1347984204L, -354610104L, 684021178L, -1470760432L, 627981548L, 
1368858964L, 1932931858L, -587764320L, -851486004L, 96637961L, 
1144867131L, -1529561972L, -1494132454L, 10018703L, 317563097L, 
2027515758L, -661809412L, 1566364781L, 1699246103L, -1270027808L, 
1189729726L, -505840757L, -2017031155L, -1798456262L, 1045384312L, 
-1621571551L, -1979792685L, 1496134132L, 508467842L, 1916532503L, 
-1644462623L, 1175450406L, -1845236188L, 4659413L, -1869268865L, 
-1012081384L, 1039438902L, -445629757L, -516466939L, 2004454050L, 
1375283344L, 341235769L, 308160747L, 578030044L, -718073846L, 
1379634943L, -534372535L, -76229410L, -1482659188L, 1759739485L, 
308413543L, -2035938928L, 183032238L, -453067685L, 2136759357L, 
1108996778L, -1515024568L, 1940161393L, -1950505757L, -854610972L, 
-1407583470L, -1107347737L, -1892212559L, 1582977782L, 1896133908L, 
1965394469L, -1124747473L, -504125208L, 168438214L, -116152205L, 
-1512897835L, -2027134798L, -2016385920L, -26142615L, 1389393115L, 
-1799702484L, 124577850L, 1921033967L, -1771763335L, -1571908082L, 
-917497892L, -2141257651L, 175776695L, 19160384L, 1957575710L, 
-198432021L, 480338541L, 246993626L, -1300977000L, 606808321L, 
-1651773773L, 306547156L, 281094370L, 516190583L, -888246079L, 
-1459188666L, 2105758596L, -643857099L, 1971651359L, -1054333320L, 
596941654L, 1696489955L, -1949108315L, -605841854L, -665297872L, 
1369079897L, 1093332427L, -1946264004L, 801439850L, 171031199L, 
-1818097879L, -1553548354L, -1932907860L, 462927869L, 219987783L, 
-1155022800L, 1774258510L, -390246021L, -1722145059L, -682336502L, 
247125544L, -1020100975L, -781658493L, -1793620092L, 882638258L, 
-635014393L, -249034415L, 595349718L, -339624524L, 909285829L, 
-1182672625L, 865560456L, -1571547482L, -2121529773L, -567117899L, 
-1960962798L, 1167535840L, 1881568073L, -515576453L, -1843779508L, 
735424986L, -1511027761L, -1531902567L, -338158162L, -766596420L, 
630901549L, 2000009431L, -920600288L, 1034798718L, 331911243L, 
-512234931L, 2138863738L, -11941704L, 149482081L, -427798509L, 
